Temperature	Weight
C	%
30,000	99,9999
33,853	99,9999
37,706	99,9999
41,560	99,9998
45,413	99,9998
49,266	99,9998
53,119	99,9997
56,972	99,9997
60,826	99,9996
64,679	99,9996
68,532	99,9995
72,385	99,9994
76,239	99,9992
80,092	99,9991
83,945	99,9989
87,798	99,9987
91,651	99,9985
95,505	99,9982
99,358	99,9979
103,211	99,9974
107,064	99,9970
110,917	99,9964
114,771	99,9957
118,624	99,9948
122,477	99,9939
126,330	99,9927
130,183	99,9913
134,037	99,9896
137,890	99,9876
141,743	99,9853
145,596	99,9825
149,450	99,9792
153,303	99,9752
157,156	99,9705
161,009	99,9649
164,862	99,9582
168,716	99,9503
172,569	99,9409
176,422	99,9298
180,275	99,9166
184,128	99,9011
187,982	99,8827
191,835	99,8610
195,688	99,8354
199,541	99,8054
203,394	99,7702
207,248	99,7291
211,101	99,6813
214,954	99,6259
218,807	99,5619
222,661	99,4886
226,514	99,4049
230,367	99,3101
234,220	99,2037
238,073	99,0853
241,927	98,9547
245,780	98,8122
249,633	98,6587
253,486	98,4951
257,339	98,3231
261,193	98,1444
265,046	97,9611
268,899	97,7753
272,752	97,5888
276,606	97,4030
280,459	97,2189
284,312	97,0364
288,165	96,8547
292,018	96,6717
295,872	96,4841
299,725	96,2869
303,578	96,0736
307,431	95,8356
311,284	95,5617
315,138	95,2381
318,991	94,8473
322,844	94,3678
326,697	93,7734
330,550	93,0325
334,404	92,1084
338,257	90,9594
342,110	89,5404
345,963	87,8064
349,817	85,7170
353,670	83,2442
357,523	80,3802
361,376	77,1465
365,229	73,5993
369,083	69,8295
372,936	65,9558
376,789	62,1102
380,642	58,4200
384,495	54,9913
388,349	51,8978
392,202	49,1773
396,055	46,8346
399,908	44,8492
403,761	43,1842
407,615	41,7938
411,468	40,6301
415,321	39,6472
419,174	38,8035
423,028	38,0631
426,881	37,3963
430,734	36,7794
434,587	36,1947
438,440	35,6299
442,294	35,0778
446,147	34,5355
450,000	34,0037
453,853	33,4858
457,706	32,9867
461,560	32,5120
465,413	32,0671
469,266	31,6564
473,119	31,2828
476,972	30,9477
480,826	30,6511
484,679	30,3915
488,532	30,1669
492,385	29,9743
496,239	29,8104
500,092	29,6719
503,945	29,5556
507,798	29,4583
511,651	29,3774
515,505	29,3103
519,358	29,2548
523,211	29,2090
527,064	29,1712
530,917	29,1402
534,771	29,1148
538,624	29,0939
542,477	29,0768
546,330	29,0627
550,183	29,0513
554,037	29,0419
557,890	29,0342
561,743	29,0280
565,596	29,0228
569,450	29,0186
573,303	29,0152
577,156	29,0124
581,009	29,0101
584,862	29,0083
588,716	29,0068
592,569	29,0055
596,422	29,0045
600,275	29,0037
604,128	29,0030
607,982	29,0025
611,835	29,0020
615,688	29,0016
619,541	29,0013
623,394	29,0011
627,248	29,0009
631,101	29,0007
634,954	29,0006
638,807	29,0005
642,661	29,0004
646,514	29,0003
650,367	29,0003
654,220	29,0002
658,073	29,0002
661,927	29,0001
665,780	29,0001
669,633	29,0001
673,486	29,0001
677,339	29,0001
681,193	29,0001
685,046	29,0000
688,899	29,0000
692,752	29,0000
696,606	29,0000
700,459	29,0000
704,312	29,0000
708,165	29,0000
712,018	29,0000
715,872	29,0000
719,725	29,0000
723,578	29,0000
727,431	29,0000
731,284	29,0000
735,138	29,0000
738,991	29,0000
742,844	29,0000
746,697	29,0000
750,550	29,0000
754,404	29,0000
758,257	29,0000
762,110	29,0000
765,963	29,0000
769,817	29,0000
773,670	29,0000
777,523	29,0000
781,376	29,0000
785,229	29,0000
789,083	29,0000
792,936	29,0000
796,789	29,0000
